123456
12345678
1234
12345
696969
111111
2000
1234567
6969
123456789
654321
123123
666666
1111
121212
131313
000000
11111111
7777777
112233
8675309
5150
222222
777777
88888888
987654
2112
1212
7777
232323
555555
2222
4444
69696969
11111
123321
999999
1313
0000
87654321
333333
888888
3333
5555
6666
4321
444444
101010
420420
55555
147147
212121
9999
8888
242424
007007
54321
123654
1969
789456
252525
159753
2001
2323
21122112
12341234
1234567890
12121212
141414
202020
4128
99999999
98765432
77777777
2121
1966
51505150
1010
1999
00000
151515
323232
987654321
314159
55555555
1968
1973
456789
1977
1963
13579
22222222
66666666
2002
11223344
246810
1976
111222
181818
1979
1970
1964
2424
1972
171717
1701
1980
147258
2020
102030
1984
2468
2525
363636
1974
1967
343434
1111111
454545
13131313
424242
7654321
77777
1975
1971
22222
272727
098765
159357
1965
0007
147852
1978
1122
191919
321321
1961
010101
1221
565656
44444444
1960
362436
1414
456123
33333333
12344321
1225
9876
741852
1957
99999
1981
123789
1066
1998
505050
1982
1919
262626
4121
1959
1955
161616
1985
0420
000007
636363
313131
1956
666999
010203
134679
1001
1717
1000
4545
420247
124578
1962
88888
1954
3232
353535
1024
2345
456456
1012
545454
0123
1005
18436572
1515
303030
1492
4417
5050
5551212
1818
321654
135790
5656
1357
143143
898989
1230
1988
23232323
1958
787878
66666
911911
2727
2469
1369
7779311
515151
2003
234567
1017
909090
474747
989898
012345
196969
33333
3434
1007
142536
1213
282828
404040
7007
1953
3131
4242
727272
0123456
11235813
200000
369369
292929
987456
19691969
1223
10101010
969696
1983
1211
98765
90210
1986
2004
44444
4200
1022
5678
1945
1951
24680
21212121
100000
1224
525252
1997
3636
1013
1023
311311
1123
1950
1948
1949
223344
1125
1031
757575
585858
1020
1947
187187
1941
1952
31415926
112358
1121
789789
5555555
1776
0987
5454
19841984
2626
753951
1616
1215
1112
555666
25802580
3030
717171
686868
5424
3333333
6996
635241
987987
1942
1946
414141
434343
1011
575757
5329
090909
1002
4040
000001
0815
420000
123123123
1231
747474
2222222
373737
1114
1995
120676
1235
655321
963852
1994
1991
2828
1003
1027
8989
7894
1129
12312312
7734
9999999
24682468
2580
24242424
1124
1210
1028
1226
646464
1989
1987
20202020
124038
1018
1269
1227
123457
852456
4711
1992
030303
1214
767676
5252
1993
19781978
25252525
1025
1101
616161
515000
656565
626262
336699
951753
1996
1029
1030
1220
494949
20012001
383838
456654
1245
818181
6666666
5000
1812
1943
222333
1200
102938
737373
78945612
789987
6464
2005
2233
0911
3006
1236
1228
1016
484848
5683
6669
1944
20002000
0069
0101
4567
11112222
121314
1021
1004
1120
878787
01234567
070462
427900
1216
1201
1204
1222
1115
676767
1218
1026
123987
1015
1103
1990
159159
3825
1102
13576479
112211
7878
535353
2929
100100
0660
332211
3535
1113
14789632
1331
778899
0001
3000
1209
1234321
6789
2277
4226
4271
321123
1208
1138
1008
7474
797979
464646
543210
4949
2055
2211
050505
445566
333666
1127
789654
020202
14141414
1126
616913
0000007
1117
1014
1205
5432
5353
5151
4747
199999
2010
3737
4343
3728
4444444
14725836
12345679
1219
123098
1233
8520
753159
666777
902100
17171717
1664
17011701
222777
2663
456321
1229
1217
1478
1009
8888888
515051
2369
3234412
1128
1207
1104
1432
606060
159951
1624
2244
1107
1130
142857
11001001
1134
7890
789123
5757
1914
19741974
2500
2255
393939
1202
1469
8543852
868686
5401
567890
5232
9898
1911
1900
2501
09876543
0311
1411
1478963
1019
7676
5858
5291
