123456
12345678
696969
111111
1234567
123456789
654321
123123
666666
121212
131313
000000
11111111
7777777
112233
8675309
222222
777777
88888888
987654
232323
555555
69696969
123321
999999
87654321
333333
888888
444444
101010
420420
147147
212121
242424
007007
123654
789456
252525
159753
21122112
12341234
1234567890
12121212
141414
202020
99999999
98765432
77777777
51505150
151515
323232
987654321
314159
55555555
456789
22222222
66666666
11223344
246810
111222
181818
171717
147258
102030
363636
343434
1111111
454545
13131313
424242
7654321
272727
098765
159357
147852
191919
321321
010101
565656
44444444
362436
456123
33333333
12344321
741852
123789
505050
262626
161616
000007
636363
313131
666999
010203
134679
420247
124578
353535
456456
545454
18436572
303030
5551212
321654
135790
143143
898989
23232323
787878
911911
7779311
515151
234567
909090
474747
989898
012345
196969
142536
282828
404040
727272
0123456
11235813
200000
369369
292929
987456
19691969
10101010
969696
21212121
100000
525252
311311
223344
757575
585858
187187
31415926
112358
789789
5555555
19841984
753951
555666
25802580
717171
686868
3333333
635241
987987
414141
434343
575757
090909
000001
420000
123123123
747474
2222222
373737
120676
655321
963852
12312312
9999999
24682468
24242424
646464
20202020
124038
123457
852456
030303
767676
19781978
25252525
616161
515000
656565
626262
336699
951753
494949
20012001
383838
456654
818181
6666666
222333
102938
737373
78945612
789987
484848
20002000
11112222
121314
878787
01234567
070462
427900
676767
123987
159159
13576479
112211
535353
100100
332211
14789632
778899
1234321
321123
797979
464646
543210
050505
445566
333666
789654
020202
14141414
616913
0000007
199999
4444444
14725836
12345679
123098
753159
666777
902100
17171717
17011701
222777
456321
8888888
515051
3234412
606060
159951
142857
11001001
789123
19741974
393939
8543852
868686
567890
09876543
1478963
